 44 946 
 1 2 11 
1 3 17 
1 4 4 
1 5 10 
1 6 29 
1 7 4 
1 8 18 
1 9 18 
1 10 22 
1 11 14 
1 12 5 
1 13 5 
1 14 1 
1 15 27 
1 16 1 
1 17 11 
1 18 25 
1 19 2 
1 20 27 
1 21 6 
1 22 21 
1 23 24 
1 24 2 
1 25 3 
1 26 22 
1 27 22 
1 28 21 
1 29 26 
1 30 8 
1 31 5 
1 32 17 
1 33 6 
1 34 11 
1 35 18 
1 36 9 
1 37 22 
1 38 17 
1 39 19 
1 40 25 
1 41 24 
1 42 23 
1 43 21 
1 44 2 
2 3 3 
2 4 3 
2 5 14 
2 6 21 
2 7 1 
2 8 23 
2 9 28 
2 10 17 
2 11 14 
2 12 22 
2 13 27 
2 14 27 
2 15 19 
2 16 23 
2 17 21 
2 18 19 
2 19 28 
2 20 16 
2 21 5 
2 22 20 
2 23 12 
2 24 18 
2 25 16 
2 26 10 
2 27 2 
2 28 4 
2 29 28 
2 30 26 
2 31 15 
2 32 20 
2 33 9 
2 34 10 
2 35 20 
2 36 6 
2 37 21 
2 38 3 
2 39 8 
2 40 9 
2 41 23 
2 42 24 
2 43 4 
2 44 6 
3 4 20 
3 5 16 
3 6 26 
3 7 11 
3 8 28 
3 9 24 
3 10 9 
3 11 26 
3 12 13 
3 13 17 
3 14 28 
3 15 8 
3 16 12 
3 17 9 
3 18 11 
3 19 3 
3 20 5 
3 21 19 
3 22 18 
3 23 24 
3 24 0 
3 25 27 
3 26 26 
3 27 23 
3 28 6 
3 29 11 
3 30 5 
3 31 14 
3 32 22 
3 33 0 
3 34 9 
3 35 17 
3 36 3 
3 37 27 
3 38 12 
3 39 16 
3 40 0 
3 41 11 
3 42 6 
3 43 5 
3 44 17 
4 5 15 
4 6 4 
4 7 11 
4 8 22 
4 9 20 
4 10 10 
4 11 21 
4 12 4 
4 13 16 
4 14 10 
4 15 27 
4 16 11 
4 17 7 
4 18 27 
4 19 7 
4 20 17 
4 21 3 
4 22 3 
4 23 5 
4 24 29 
4 25 19 
4 26 8 
4 27 11 
4 28 18 
4 29 2 
4 30 16 
4 31 26 
4 32 10 
4 33 3 
4 34 8 
4 35 0 
4 36 11 
4 37 12 
4 38 5 
4 39 10 
4 40 29 
4 41 24 
4 42 17 
4 43 8 
4 44 3 
5 6 25 
5 7 21 
5 8 2 
5 9 20 
5 10 1 
5 11 26 
5 12 14 
5 13 10 
5 14 6 
5 15 21 
5 16 18 
5 17 9 
5 18 18 
5 19 4 
5 20 1 
5 21 24 
5 22 23 
5 23 19 
5 24 18 
5 25 8 
5 26 0 
5 27 8 
5 28 7 
5 29 17 
5 30 8 
5 31 13 
5 32 18 
5 33 13 
5 34 17 
5 35 21 
5 36 0 
5 37 17 
5 38 13 
5 39 4 
5 40 29 
5 41 26 
5 42 5 
5 43 21 
5 44 20 
6 7 29 
6 8 19 
6 9 26 
6 10 28 
6 11 3 
6 12 14 
6 13 28 
6 14 24 
6 15 29 
6 16 19 
6 17 2 
6 18 15 
6 19 25 
6 20 3 
6 21 3 
6 22 13 
6 23 27 
6 24 4 
6 25 23 
6 26 8 
6 27 0 
6 28 18 
6 29 18 
6 30 0 
6 31 26 
6 32 8 
6 33 11 
6 34 29 
6 35 8 
6 36 19 
6 37 7 
6 38 12 
6 39 12 
6 40 28 
6 41 22 
6 42 8 
6 43 29 
6 44 10 
7 8 17 
7 9 8 
7 10 11 
7 11 15 
7 12 28 
7 13 16 
7 14 21 
7 15 2 
7 16 24 
7 17 2 
7 18 15 
7 19 18 
7 20 26 
7 21 22 
7 22 26 
7 23 5 
7 24 23 
7 25 19 
7 26 12 
7 27 24 
7 28 6 
7 29 11 
7 30 18 
7 31 2 
7 32 21 
7 33 1 
7 34 29 
7 35 17 
7 36 6 
7 37 22 
7 38 29 
7 39 5 
7 40 2 
7 41 20 
7 42 20 
7 43 3 
7 44 19 
8 9 11 
8 10 18 
8 11 21 
8 12 9 
8 13 15 
8 14 13 
8 15 22 
8 16 25 
8 17 2 
8 18 25 
8 19 28 
8 20 16 
8 21 27 
8 22 27 
8 23 22 
8 24 2 
8 25 29 
8 26 24 
8 27 11 
8 28 29 
8 29 26 
8 30 9 
8 31 28 
8 32 12 
8 33 5 
8 34 25 
8 35 14 
8 36 19 
8 37 1 
8 38 2 
8 39 25 
8 40 0 
8 41 28 
8 42 3 
8 43 29 
8 44 3 
9 10 19 
9 11 16 
9 12 7 
9 13 19 
9 14 19 
9 15 7 
9 16 6 
9 17 19 
9 18 13 
9 19 5 
9 20 27 
9 21 16 
9 22 26 
9 23 25 
9 24 8 
9 25 22 
9 26 5 
9 27 24 
9 28 24 
9 29 1 
9 30 26 
9 31 1 
9 32 26 
9 33 23 
9 34 23 
9 35 25 
9 36 15 
9 37 13 
9 38 12 
9 39 8 
9 40 2 
9 41 5 
9 42 23 
9 43 6 
9 44 1 
10 11 28 
10 12 6 
10 13 22 
10 14 1 
10 15 4 
10 16 6 
10 17 2 
10 18 19 
10 19 1 
10 20 15 
10 21 20 
10 22 13 
10 23 26 
10 24 14 
10 25 29 
10 26 12 
10 27 9 
10 28 3 
10 29 14 
10 30 24 
10 31 20 
10 32 5 
10 33 9 
10 34 16 
10 35 3 
10 36 4 
10 37 2 
10 38 8 
10 39 8 
10 40 7 
10 41 5 
10 42 18 
10 43 11 
10 44 2 
11 12 25 
11 13 17 
11 14 4 
11 15 14 
11 16 24 
11 17 24 
11 18 14 
11 19 12 
11 20 29 
11 21 13 
11 22 20 
11 23 17 
11 24 7 
11 25 18 
11 26 17 
11 27 13 
11 28 20 
11 29 23 
11 30 28 
11 31 2 
11 32 5 
11 33 12 
11 34 20 
11 35 23 
11 36 7 
11 37 2 
11 38 19 
11 39 17 
11 40 15 
11 41 13 
11 42 4 
11 43 13 
11 44 2 
12 13 11 
12 14 21 
12 15 13 
12 16 12 
12 17 15 
12 18 23 
12 19 15 
12 20 11 
12 21 2 
12 22 22 
12 23 2 
12 24 26 
12 25 14 
12 26 10 
12 27 17 
12 28 20 
12 29 3 
12 30 14 
12 31 20 
12 32 10 
12 33 25 
12 34 23 
12 35 1 
12 36 20 
12 37 26 
12 38 17 
12 39 25 
12 40 10 
12 41 20 
12 42 14 
12 43 25 
12 44 24 
13 14 29 
13 15 25 
13 16 26 
13 17 4 
13 18 8 
13 19 22 
13 20 1 
13 21 26 
13 22 28 
13 23 3 
13 24 1 
13 25 14 
13 26 28 
13 27 24 
13 28 29 
13 29 22 
13 30 10 
13 31 27 
13 32 10 
13 33 6 
13 34 10 
13 35 17 
13 36 10 
13 37 5 
13 38 6 
13 39 17 
13 40 13 
13 41 18 
13 42 24 
13 43 9 
13 44 22 
14 15 16 
14 16 15 
14 17 7 
14 18 27 
14 19 14 
14 20 15 
14 21 7 
14 22 19 
14 23 8 
14 24 13 
14 25 20 
14 26 2 
14 27 22 
14 28 3 
14 29 26 
14 30 17 
14 31 1 
14 32 25 
14 33 5 
14 34 4 
14 35 10 
14 36 22 
14 37 16 
14 38 20 
14 39 16 
14 40 1 
14 41 21 
14 42 21 
14 43 17 
14 44 3 
15 16 10 
15 17 0 
15 18 14 
15 19 8 
15 20 13 
15 21 20 
15 22 1 
15 23 2 
15 24 29 
15 25 0 
15 26 13 
15 27 28 
15 28 28 
15 29 25 
15 30 17 
15 31 17 
15 32 0 
15 33 18 
15 34 19 
15 35 23 
15 36 10 
15 37 7 
15 38 14 
15 39 27 
15 40 8 
15 41 23 
15 42 7 
15 43 1 
15 44 20 
16 17 0 
16 18 18 
16 19 3 
16 20 24 
16 21 25 
16 22 0 
16 23 1 
16 24 24 
16 25 25 
16 26 16 
16 27 12 
16 28 10 
16 29 13 
16 30 25 
16 31 6 
16 32 26 
16 33 6 
16 34 27 
16 35 6 
16 36 7 
16 37 27 
16 38 21 
16 39 19 
16 40 21 
16 41 26 
16 42 2 
16 43 7 
16 44 2 
17 18 27 
17 19 6 
17 20 5 
17 21 11 
17 22 3 
17 23 9 
17 24 19 
17 25 5 
17 26 19 
17 27 22 
17 28 6 
17 29 5 
17 30 23 
17 31 12 
17 32 14 
17 33 4 
17 34 24 
17 35 22 
17 36 7 
17 37 29 
17 38 2 
17 39 23 
17 40 27 
17 41 23 
17 42 11 
17 43 25 
17 44 17 
18 19 18 
18 20 25 
18 21 8 
18 22 3 
18 23 2 
18 24 24 
18 25 1 
18 26 1 
18 27 15 
18 28 9 
18 29 5 
18 30 11 
18 31 20 
18 32 6 
18 33 14 
18 34 25 
18 35 13 
18 36 0 
18 37 28 
18 38 19 
18 39 21 
18 40 13 
18 41 14 
18 42 17 
18 43 14 
18 44 6 
19 20 13 
19 21 6 
19 22 25 
19 23 2 
19 24 18 
19 25 11 
19 26 0 
19 27 13 
19 28 21 
19 29 25 
19 30 15 
19 31 2 
19 32 2 
19 33 11 
19 34 7 
19 35 24 
19 36 8 
19 37 12 
19 38 23 
19 39 6 
19 40 13 
19 41 20 
19 42 13 
19 43 5 
19 44 2 
20 21 8 
20 22 10 
20 23 27 
20 24 22 
20 25 2 
20 26 5 
20 27 29 
20 28 11 
20 29 0 
20 30 28 
20 31 5 
20 32 10 
20 33 27 
20 34 9 
20 35 10 
20 36 25 
20 37 3 
20 38 24 
20 39 21 
20 40 10 
20 41 24 
20 42 8 
20 43 5 
20 44 29 
21 22 2 
21 23 15 
21 24 4 
21 25 1 
21 26 3 
21 27 19 
21 28 15 
21 29 28 
21 30 12 
21 31 27 
21 32 29 
21 33 6 
21 34 1 
21 35 7 
21 36 17 
21 37 21 
21 38 29 
21 39 10 
21 40 3 
21 41 14 
21 42 21 
21 43 17 
21 44 25 
22 23 13 
22 24 23 
22 25 22 
22 26 24 
22 27 21 
22 28 22 
22 29 9 
22 30 0 
22 31 28 
22 32 7 
22 33 4 
22 34 25 
22 35 6 
22 36 18 
22 37 10 
22 38 17 
22 39 27 
22 40 24 
22 41 23 
22 42 11 
22 43 13 
22 44 6 
23 24 23 
23 25 10 
23 26 1 
23 27 9 
23 28 0 
23 29 14 
23 30 12 
23 31 29 
23 32 3 
23 33 1 
23 34 14 
23 35 18 
23 36 22 
23 37 0 
23 38 5 
23 39 25 
23 40 9 
23 41 3 
23 42 22 
23 43 8 
23 44 27 
24 25 24 
24 26 28 
24 27 1 
24 28 14 
24 29 23 
24 30 5 
24 31 5 
24 32 2 
24 33 26 
24 34 18 
24 35 29 
24 36 22 
24 37 29 
24 38 5 
24 39 29 
24 40 14 
24 41 15 
24 42 0 
24 43 25 
24 44 8 
25 26 28 
25 27 0 
25 28 1 
25 29 3 
25 30 12 
25 31 22 
25 32 2 
25 33 7 
25 34 10 
25 35 3 
25 36 21 
25 37 3 
25 38 23 
25 39 17 
25 40 20 
25 41 29 
25 42 5 
25 43 15 
25 44 28 
26 27 3 
26 28 27 
26 29 18 
26 30 3 
26 31 7 
26 32 29 
26 33 3 
26 34 9 
26 35 1 
26 36 28 
26 37 2 
26 38 8 
26 39 20 
26 40 11 
26 41 18 
26 42 14 
26 43 8 
26 44 16 
27 28 0 
27 29 29 
27 30 3 
27 31 10 
27 32 0 
27 33 28 
27 34 7 
27 35 6 
27 36 23 
27 37 5 
27 38 6 
27 39 5 
27 40 18 
27 41 13 
27 42 9 
27 43 4 
27 44 28 
28 29 3 
28 30 29 
28 31 7 
28 32 16 
28 33 24 
28 34 15 
28 35 8 
28 36 26 
28 37 1 
28 38 25 
28 39 15 
28 40 11 
28 41 19 
28 42 16 
28 43 14 
28 44 5 
29 30 24 
29 31 2 
29 32 5 
29 33 3 
29 34 2 
29 35 26 
29 36 18 
29 37 22 
29 38 26 
29 39 26 
29 40 13 
29 41 9 
29 42 4 
29 43 15 
29 44 16 
30 31 22 
30 32 25 
30 33 3 
30 34 5 
30 35 16 
30 36 6 
30 37 11 
30 38 4 
30 39 24 
30 40 6 
30 41 22 
30 42 26 
30 43 28 
30 44 22 
31 32 5 
31 33 15 
31 34 21 
31 35 20 
31 36 21 
31 37 15 
31 38 1 
31 39 27 
31 40 16 
31 41 10 
31 42 0 
31 43 22 
31 44 4 
32 33 3 
32 34 3 
32 35 26 
32 36 12 
32 37 28 
32 38 2 
32 39 3 
32 40 24 
32 41 13 
32 42 14 
32 43 23 
32 44 6 
33 34 28 
33 35 24 
33 36 17 
33 37 13 
33 38 19 
33 39 28 
33 40 10 
33 41 20 
33 42 18 
33 43 28 
33 44 20 
34 35 5 
34 36 11 
34 37 24 
34 38 23 
34 39 16 
34 40 3 
34 41 29 
34 42 22 
34 43 21 
34 44 19 
35 36 18 
35 37 22 
35 38 3 
35 39 14 
35 40 0 
35 41 2 
35 42 23 
35 43 21 
35 44 19 
36 37 8 
36 38 9 
36 39 18 
36 40 29 
36 41 1 
36 42 3 
36 43 15 
36 44 1 
37 38 14 
37 39 2 
37 40 15 
37 41 23 
37 42 8 
37 43 9 
37 44 2 
38 39 28 
38 40 17 
38 41 20 
38 42 21 
38 43 24 
38 44 28 
39 40 1 
39 41 29 
39 42 13 
39 43 15 
39 44 9 
40 41 7 
40 42 9 
40 43 28 
40 44 0 
41 42 21 
41 43 14 
41 44 27 
42 43 15 
42 44 15 
43 44 15 
